Time  E1  E2
0  -0  -0
2000  -2.47989066094171  0.276852310501875
4000  -0.792535457861877  3.49215854523239
6000  2.39284396872284  4.25415085703274
8000  -2.46066146455935  5.00988905973563
10000  -6.1962535247541  6.64241982915488
12000  -3.7666974106715  8.37198348124305
14000  -5.39266949862653  11.7410972268078
16000  -14.5555440232389  13.5594829613897
18000  -16.2387132343312  14.8026014603431
20000  -19.1893029873967  19.3983114619711
22000  -22.1357345176455  22.8939864214044
24000  -26.528195351461  24.529081171784
26000  -24.7828520632837  26.0650817584154
28000  -27.3303785578139  28.4101003681397
30000  -28.6820183629338  31.2832416836858
32000  -31.1362941883133  30.7880724125846
34000  -26.9144558870533  33.0973682102693
36000  -26.6168353288236  36.2012145798641
38000  -27.4956009285943  36.861519842238
40000  -30.1488615882194  39.9981454464255
42000  -35.4808247048775  42.0686543904864
44000  -34.1698571168538  43.9301262584009
46000  -37.3107047453632  46.0995239939522
48000  -39.0313895727348  47.9589101179672
50000  -38.1501406521113  49.9490525784172
52000  -42.2025778650076  51.7836796323085
54000  -41.949999496936  52.6643993679556
56000  -43.4457657982893  55.8604966076826
58000  -43.8349553161609  60.2280363043455
60000  -46.5374430378904  60.2328116445678
62000  -46.0629725109362  62.5511012919164
64000  -49.1383604651589  63.0593661107162
66000  -49.1071884475295  66.8266310009215
68000  -53.2891433518035  69.2734165352672
70000  -51.2790410799617  72.9112745757367
72000  -60.1840374604598  72.8482180159264
74000  -60.4213266193084  73.9754752876475
76000  -63.0622708079998  75.337936075891
78000  -62.9930349962407  77.7244340033757
80000  -69.452538972816  79.218997117151
82000  -71.3015014383351  82.1200772458902
84000  -67.6248556575656  84.4430596759178
86000  -69.6698570854332  85.6633902781327
88000  -73.9644033039196  89.095078791356
90000  -76.7063145093534  87.730284235505
92000  -80.2174039306893  92.2082522765741
94000  -79.6177253296625  94.2542536552533
96000  -81.2602396912171  95.2695313548063
98000  -81.5794868897581  99.5409562620768
100000  -83.7031462158811  101.707372054819
102000  -83.0867923618841  101.608131426191
104000  -88.9487416052371  101.255319359541
106000  -88.5662663256795  102.738507054065
108000  -89.4522063178147  102.604774912928
110000  -90.1463045549599  105.667566836909
112000  -95.9728108654575  108.762848303448
114000  -94.9438627860896  109.635658857823
116000  -98.580792833141  112.724192363525
118000  -96.377421239759  115.545319324994
120000  -98.6082158736008  118.693284204925
122000  -103.218550540217  119.300488852801
124000  -96.2990107539923  119.948317542423
126000  -101.113676943987  122.564090757736
128000  -102.62651374651  124.968018289844
130000  -101.538820944857  126.677583638557
132000  -104.668222816084  128.570812363464
134000  -110.064239870861  128.848843513438
136000  -112.585314787948  133.229608414962
138000  -109.612619440856  134.763191297607
140000  -109.879031477486  135.319996655693
142000  -110.884136122627  139.124894804146
144000  -114.003294064211  139.437614815314
146000  -117.101853170857  142.167402771907
148000  -116.864539386016  144.174961904922
150000  -120.935384297365  146.825840247248
152000  -121.356306134006  149.004115448161
154000  -126.445837082435  150.735025509182
156000  -121.907307222703  154.242713819594
158000  -123.110481643626  154.964598139761
160000  -126.313357348666  157.309382524161
162000  -123.803423137944  159.850902684107
164000  -125.89233839723  162.779838733032
166000  -129.820769054455  162.196958744746
168000  -130.431277018627  163.529045233727
170000  -129.606907434518  164.995822827327
172000  -135.348332994796  164.985592397997
174000  -136.423076224472  167.124830064247
176000  -136.329754124479  169.490079423383
178000  -140.417238506734  169.99436349809
180000  -137.414482638574  171.370195252985
182000  -140.841255883817  175.336068432362
184000  -142.578329405461  174.470285898661
186000  -145.240882597205  176.759746514304
188000  -145.204442607932  178.6973299437
190000  -145.741949149129  180.266233805483
192000  -153.433490941505  183.164789270208
194000  -146.324523468316  186.044260456764
196000  -150.861805704592  190.999681906816
198000  -150.358824194082  191.461496847858
200000  -156.536257635421  193.674856241857
202000  -152.618195209591  196.256819085346
204000  -158.764378026243  198.446177874986
206000  -163.560367675727  198.587896863283
208000  -165.587001351995  200.819168578077
210000  -165.259051974435  201.648974194495
212000  -171.541568247201  203.283278100123
214000  -167.488153123603  204.986616330618
216000  -172.723953933745  207.668085495539
218000  -175.576909004662  208.895094840103
220000  -176.461229680496  211.755141437684
222000  -174.921117281452  213.439344519887
224000  -176.532335995852  214.405374570741
226000  -178.208428126127  217.987090945657
228000  -173.999480966874  219.740182565262
230000  -178.218744891788  221.750300492292
232000  -180.052413376048  221.550875635266
234000  -181.843859807738  222.580789759852
236000  -186.583146960618  226.010885079263
238000  -185.379519844387  227.967614719278
240000  -189.812264048398  227.825312004787
242000  -192.054940869511  230.528521361157
244000  -189.456354467216  235.369417134676
246000  -196.660976248848  235.400686345588
248000  -197.049619145029  236.348466606362
250000  -199.060649072022  237.822996608162
252000  -198.798675059225  238.985815740687
254000  -198.99961866908  240.569764426275
256000  -202.816485935547  242.237978378635
258000  -206.166146543357  243.260156787747
260000  -204.372594534294  246.639352747231
262000  -205.602240843378  247.370805823543
264000  -206.928001407312  248.847414535072
266000  -207.519229854053  249.502306147523
268000  -211.901332021959  253.983924168849
270000  -216.387306491564  253.548449696219
272000  -217.052046093769  257.002966018196
274000  -222.279476278418  256.656345233596
276000  -214.851085591237  261.251188257651
278000  -220.436100943097  263.745544554908
280000  -222.627082808116  266.401162556329
282000  -225.300210010886  269.148807376759
284000  -230.700538625194  268.302968280845
286000  -225.556664064202  272.961867411337
288000  -231.923733714492  275.268419036867
290000  -234.401744148716  276.949615480156
292000  -230.228945942125  277.570511736912
294000  -236.120955364535  278.366208580293
296000  -235.705877592026  282.367485651827
298000  -236.698764347413  283.565725073933
300000  -238.226289243438  286.677601039769
302000  -244.404820246382  287.755024970383
304000  -240.675038861999  288.13163234493
306000  -246.588886271254  286.902298042153
308000  -248.689961253598  288.319770476409
310000  -247.28808587922  293.417605936327
312000  -253.149430898933  296.048979663648
314000  -251.453559875108  296.226600300888
316000  -256.90046708888  298.648562816414
318000  -256.901936598421  300.22195677438
320000  -259.024565430024  300.768596608889
322000  -262.575244351277  304.652632875545
324000  -259.748399807882  303.474377527389
326000  -255.411471451064  306.969215351685
328000  -260.432031062387  306.358197196954
330000  -262.887768516846  308.764755471157
332000  -265.249548940604  309.004310808595
334000  -267.599876612903  310.922723823805
336000  -270.497620145693  312.948671312735
338000  -271.860599268939  315.677403899262
340000  -267.634952153997  319.898353935921
342000  -272.959778492209  320.477795545013
344000  -276.839745712839  324.164334558155
346000  -275.450292024104  323.821284740435
348000  -277.005440830956  328.568557797675
350000  -276.730683051158  330.37307284036
352000  -281.539832666021  330.66760981917
354000  -282.656061181727  332.600613914857
356000  -286.690387120933  335.102480634641
358000  -285.401366878281  335.810345530464
360000  -291.751928485161  339.701632648061
362000  -292.214297539011  341.571374768434
364000  -290.853831187287  344.973676062306
366000  -292.104311529828  346.541516741875
368000  -293.407091102748  347.439728071249
370000  -293.672415453213  350.079438031646
372000  -300.264052646529  351.684061585876
374000  -304.586703972479  353.289104424244
376000  -310.075871551796  355.115400648229
378000  -304.630138346297  354.884827662005
380000  -309.645757750904  354.923294322046
382000  -309.720246686022  357.809439220951
384000  -313.701380236617  361.338473629971
386000  -307.026759214368  365.301564619644
388000  -313.567823632383  366.502495583223
390000  -316.850915825952  364.920020433476
392000  -316.44939061713  369.916015924735
394000  -321.336349916439  368.965758163014
396000  -326.126768229596  371.051236200407
398000  -319.557165593053  373.047710975072
400000  -328.315488000941  375.633573558203
402000  -324.636593887717  378.831088985476
404000  -329.464007448096  380.461925258467
406000  -328.958707201842  382.465854551844
408000  -332.457128558025  386.38826304057
410000  -331.58236225139  386.467900042129
412000  -331.798544370849  388.436784817562
414000  -335.596110772894  388.265195868802
416000  -335.100096811832  394.625857233388
418000  -342.535173883232  396.515084732227
420000  -339.430924701775  400.910461989666
422000  -341.244095193922  398.061476509282
424000  -343.909435515804  402.688707485634
426000  -343.720371457454  404.706420416906
428000  -349.579941040467  403.426996139205
430000  -350.480807954401  403.432219190209
432000  -350.807095628868  406.734574671029
434000  -353.088673593802  407.759746518315
436000  -356.656782870663  409.679910935298
438000  -356.798473670766  413.740692139002
440000  -363.381652258867  416.860693832512
442000  -359.817433670128  418.390456926639
444000  -361.777006954901  417.641106043817
446000  -362.699062897256  422.8870722396
448000  -365.412426917032  423.077367016838
450000  -368.706297972328  425.723029879422
452000  -367.143630925608  425.475409595296
454000  -369.693377078903  427.206928652114
456000  -370.009969354007  428.056303643021
458000  -376.14089276491  429.51886894781
460000  -372.54944836375  432.15906028285
462000  -377.471729025687  434.295817012578
464000  -374.92585536387  436.826716882939
466000  -379.197782537538  438.200002945123
468000  -377.476554437016  442.389851444737
470000  -378.649741783162  442.968855573243
472000  -381.960604892921  443.411238223392
474000  -385.376278426609  447.002427135649
476000  -387.077265427865  447.289824361943
478000  -387.6709634968  451.193875982625
480000  -388.078405885647  453.194374749512
482000  -387.53355156403  453.47502474362
484000  -393.849228704303  456.15312925099
486000  -391.626345578421  458.156461305925
488000  -396.802070419378  461.691386212864
490000  -402.588500825008  460.461851196085
492000  -404.667685595127  463.722776045518
494000  -407.245137566262  464.743053673965
496000  -411.437855571719  467.280994199062
498000  -410.762287592074  469.709158369875
500000  -415.171571410958  471.024369744317
502000  -419.245270081687  473.242362561014
504000  -417.254126662382  471.546556171145
506000  -420.315561219721  474.794498027783
508000  -423.638370048527  473.513856440854
510000  -426.817621514942  475.363378606878
512000  -424.474734746779  477.593379785452
514000  -430.150389473473  479.384058281617
516000  -427.517155489549  483.136597075018
518000  -429.018346446832  482.910884894318
520000  -431.456784531284  485.313707808433
522000  -434.823467093882  486.179241820773
524000  -431.571119808019  485.612686393532
526000  -432.511989881809  489.852693580088
528000  -434.77993994121  492.329094627683
530000  -432.381211459331  493.001776983737
532000  -438.931325168209  493.241230508509
534000  -442.105313932399  495.440416548049
536000  -442.227405338326  499.186431613041
538000  -442.500004528098  500.857254319765
540000  -443.198777907801  501.773524722649
542000  -441.911698539967  504.75774564538
544000  -439.763617946483  507.21839032674
546000  -449.814931460478  507.768630191771
548000  -446.215865773837  508.592737170597
550000  -451.415392856881  511.716269443573
552000  -451.881871445506  512.991928873488
554000  -457.359757877247  515.199220593701
556000  -456.658247508002  516.654563574084
558000  -455.606789604539  518.857866309318
560000  -454.598515511202  520.626314953518
562000  -458.550108093541  522.301865789394
564000  -460.355147781452  522.994664031844
566000  -457.136981285872  523.953608526711
568000  -459.89737573545  527.795897232338
570000  -466.161132565707  527.94633634088
572000  -465.569286342772  532.09588919867
574000  -470.032536121277  534.315211019802
576000  -472.272344641603  537.537013147951
578000  -476.427824289935  536.118256143684
580000  -474.729944210318  540.114346748337
582000  -472.679080557081  540.345099619413
584000  -480.718634931299  541.302912287791
586000  -479.072850353858  543.676372336369
588000  -482.492154707598  546.789670275971
590000  -479.772505257535  548.64202181508
592000  -483.200052374054  549.797462392334
594000  -485.950108340106  552.756753369976
596000  -483.104914611898  552.185780852468
598000  -485.374504187189  555.614645748829
600000  -489.978377812664  557.184459425861
602000  -495.632198492261  558.460680070188
604000  -491.82258085241  562.482935769558
606000  -495.929868009299  563.35061099653
608000  -496.972237724527  564.473118640801
610000  -496.621996425595  567.144405965583
612000  -501.602264921194  569.22355433884
614000  -505.472182488844  570.632758141869
616000  -505.491508524716  572.651868590116
618000  -509.967903951989  574.692735586235
620000  -512.498244458259  578.830348263221
622000  -514.165419190801  579.469330180976
624000  -515.110260170402  581.444241232606
626000  -512.232404712472  584.137149223871
628000  -517.128029103406  586.379525667682
630000  -520.277874637611  588.218502409165
632000  -520.337315454854  589.692638836907
634000  -525.008047249684  591.977112809426
636000  -525.296524838104  592.833565551171
638000  -525.481447823334  593.373128969651
640000  -528.580745578279  593.931870195078
642000  -530.115883835679  599.249145044279
644000  -532.172621076269  600.456669346326
646000  -535.366870922305  603.03414285991
648000  -537.874591893254  603.854386628645
650000  -540.974342502337  604.324820903362
652000  -546.388218256974  607.337706013904
654000  -551.506203701012  610.800869758949
656000  -551.19904109039  613.405803285377
658000  -548.534213666822  614.184731568162
660000  -548.464539369043  613.748680138297
662000  -548.988347606819  616.446345482107
664000  -549.482167222332  615.814400344071
666000  -553.43019507712  619.640559954248
668000  -556.738173449307  619.030056441689
670000  -555.72198069846  621.470100340189
672000  -558.432155478794  622.329586376601
674000  -560.738455129795  626.618296363423
676000  -563.168942007131  628.802653437288
678000  -558.685535061286  631.829386599719
680000  -561.135850528208  633.079634009916
682000  -561.532591671738  634.82754666292
684000  -558.967852886465  637.704199474643
686000  -563.629158297289  640.189826463974
688000  -566.726563952637  640.957037928643
690000  -564.98871388549  640.722941371696
692000  -567.203979165723  643.587773826776
694000  -568.798560587669  646.357901499913
696000  -572.435434218678  648.332076491178
698000  -577.23338145307  648.851168482215
700000  -578.506434053287  650.264214806659
702000  -577.872926648317  654.622105470888
704000  -577.097595408913  652.565984348634
706000  -585.110668249586  657.398979941069
708000  -583.949697495319  659.136395498937
710000  -587.802927753163  661.505166760733
712000  -588.677527807102  660.872083517372
714000  -591.664350641076  662.90913284077
716000  -594.385327541529  663.986850265747
718000  -601.206978925022  666.229495326297
720000  -601.274069903531  668.966671956151
722000  -607.127209583451  669.233535120873
724000  -602.626049330015  672.584113304845
726000  -611.60153548227  673.128946176779
728000  -610.019501761436  675.988628037498
730000  -608.485670892322  678.457550783368
732000  -611.531970018679  680.541072121157
734000  -615.615947774416  679.417399845035
736000  -613.748550315659  680.980233936845
738000  -617.53320028839  682.516266240879
740000  -619.81460563979  685.612518735005
742000  -618.425914140124  688.430532006434
744000  -622.51556519194  691.034843925532
746000  -626.265504709428  691.980026581613
748000  -620.53773983577  693.314178423392
750000  -625.757969219843  694.54675956173
752000  -624.806140943018  697.373204826145
754000  -626.435655951463  697.650344284368
756000  -628.313940512971  700.270023732142
758000  -625.968322647201  700.626690881169
760000  -633.614602837937  702.524256858076
762000  -627.76483349009  702.329638393902
764000  -635.251684170984  705.626942226355
766000  -636.793329320743  708.482718998507
768000  -641.018183600802  710.905863119732
770000  -641.515390378151  712.515092699679
772000  -640.565011692073  714.806462108394
774000  -639.839242271275  718.357934244436
776000  -641.461696684325  721.039539999305
778000  -642.856764998737  721.319461110754
780000  -650.45526518593  722.938266066767
782000  -651.570053080509  725.585755581951
784000  -649.930789314971  727.071645072532
786000  -654.954449357305  728.95356593614
788000  -654.114786850399  730.270531077959
790000  -655.78816572998  733.178652847139
792000  -660.122214653249  734.809186943136
794000  -661.114992008546  739.293569104858
796000  -665.876601364205  740.393441188276
798000  -669.633861314041  740.989814482921
800000  -663.711275648287  741.789026439037
802000  -669.144981094819  743.941540881627
804000  -666.916165253451  745.763696021474
806000  -670.042834251301  748.734287639015
808000  -670.187947898308  750.354400476259
810000  -671.189487640434  753.334096967233
812000  -673.684442468906  753.290940927916
814000  -674.727899918501  754.50427648403
816000  -680.217965483834  757.844450307126
818000  -686.779770215528  758.848794690903
820000  -683.475500949362  760.297792051217
822000  -680.897067284094  761.53268117418
824000  -687.983972398155  762.871952549515
826000  -684.929795852881  769.094915514902
828000  -692.231146242786  770.983132281677
830000  -693.337733237954  771.501692506093
832000  -699.100959285981  775.028430637423
834000  -700.073698456568  775.100194073316
836000  -700.113492811444  778.444607643052
838000  -702.790517614317  780.134582040215
840000  -703.021326788567  780.649692925781
842000  -707.592016003909  785.204149160327
844000  -711.176145634411  785.822492831568
846000  -711.773417629596  787.350698985908
848000  -712.021467957882  789.237051911778
850000  -713.178810678054  793.003584569435
852000  -708.680693429242  794.538052497817
854000  -712.051368768626  794.828486277756
856000  -714.672176139419  793.942140947797
858000  -720.034387798186  796.405784055732
860000  -718.788722478922  798.01109816985
862000  -721.844996726754  799.825344159996
864000  -718.274552138497  802.997015395045
866000  -721.524853733763  802.531431184581
868000  -723.622887851824  805.32226520895
870000  -727.65842213657  807.145597743621
872000  -726.715292629817  809.336465331172
874000  -730.89347749385  810.508644351113
876000  -734.241747007734  812.916638583484
878000  -735.661865898547  814.226342838118
880000  -735.423059472648  816.84278169664
882000  -736.642739970281  821.556655682786
884000  -739.244969830417  820.338979762198
886000  -737.583815764254  822.075420976078
888000  -738.867210579538  824.447361477666
890000  -744.791143000431  827.771190090733
892000  -740.763724790338  827.425700692648
894000  -746.955616339016  829.731801424124
896000  -747.302926379799  831.057912562611
898000  -747.614221468875  830.591202269377
900000  -750.091191942819  832.455803063411
902000  -749.905309723865  835.663453326135
904000  -757.022872733894  838.020644371615
906000  -759.739931823054  841.658836469071
908000  -761.137653877591  843.19491214261
910000  -761.375843248061  844.652544393648
912000  -763.130239236806  844.726452239623
914000  -763.915521056828  847.155283590366
916000  -768.120202146287  848.676844145266
918000  -768.58578034893  852.362941418443
920000  -766.741621550913  854.376611953138
922000  -770.323160385898  855.310442809808
924000  -769.833723226659  857.039547377762
926000  -770.154877096758  859.299193607861
928000  -768.514100045024  860.569581173732
930000  -774.317397777557  862.672222935843
932000  -777.751247326123  863.879654934517
934000  -781.019335291637  866.48730396365
936000  -778.470593263596  869.18342490158
938000  -781.865810386388  871.672080314597
940000  -784.809522164554  872.44689814262
942000  -782.880590740856  872.094612423032
944000  -786.48143457026  876.908179604414
946000  -787.339787973673  877.244013454645
948000  -785.049913837157  879.015163130838
950000  -783.990817829682  880.107335669278
952000  -787.60522924565  883.891311091055
954000  -788.339719342897  883.769725368831
956000  -793.484844167477  886.067005568171
958000  -791.693722496892  888.367907506666
960000  -792.346234693224  888.363063423591
962000  -793.634042567941  889.859363781559
964000  -795.322898313289  893.163376189041
966000  -797.603316121148  896.563191069093
968000  -796.446617381276  900.590957602502
970000  -798.778856892224  901.347985761077
972000  -799.961583815503  902.248823980048
974000  -808.530763145741  905.045980436209
976000  -810.184907756161  907.031396123873
978000  -808.577128353369  909.80082667551
980000  -810.825748463573  911.896375770819
982000  -812.102268209286  913.359112476497
984000  -813.279744373936  915.191411651883
986000  -813.069210513182  917.534025784288
988000  -821.546723405497  919.043164476948
990000  -821.404898161927  920.378660790031
992000  -824.6727732896  922.563782808317
994000  -828.315147588355  923.859635297099
996000  -831.340006603563  922.213910229675
998000  -832.389978470339  924.828787841894
1000000  -833.538606456735  926.273178172067
1002000  -834.680184788781  929.133833557731
1004000  -833.781134477175  929.348149177712
1006000  -836.127292089176  933.514622843173
1008000  -839.158831601422  932.314283537255
1010000  -841.414370539607  932.253824777984
1012000  -842.210348220612  937.45863814115
1014000  -843.436990243354  937.522448876227
1016000  -843.491522959813  940.695714420159
1018000  -848.868738928785  942.53409726869
1020000  -850.008797361309  944.622603771452
1022000  -851.484519289198  947.109934166605
1024000  -852.831852166157  948.181890652887
1026000  -851.103368065281  949.47676947381
1028000  -855.018431825901  950.256559592547
1030000  -859.271693786201  955.223067331891
1032000  -865.006791066675  955.705936396779
1034000  -862.963147937815  957.009703706143
1036000  -865.071990743979  957.61868420215
1038000  -866.133176019181  963.327063699929
1040000  -869.702749731522  963.803320856108
1042000  -868.729353002156  964.589294596281
1044000  -870.31525732117  968.887892095387
1046000  -872.880733436078  968.980535224959
1048000  -876.725615245821  973.765732525988
1050000  -873.182988486707  976.859560162282
1052000  -881.049090725889  978.222514124887
1054000  -879.897334360494  980.109747355506
1056000  -880.943464491813  982.772498814586
1058000  -884.181599116068  985.367188743782
1060000  -879.407958083509  986.761061888231
1062000  -885.781504093614  986.005121834489
1064000  -882.844786673677  987.147654081639
1066000  -883.285269660039  991.498091922606
1068000  -886.221899429681  991.668681907018
1070000  -885.882315267688  994.227430093259
1072000  -888.89373091349  996.501219173244
1074000  -892.501854364863  996.885346862017
1076000  -892.666984952967  999.566776541394
1078000  -898.401242388577  999.147083240237
1080000  -896.051729728202  1000.11836920112
1082000  -900.526696845013  1004.34999166453
1084000  -900.117641928883  1005.52477996197
1086000  -899.694160144736  1007.88847062841
1088000  -902.84415573516  1010.96374611327
1090000  -906.109798696274  1012.29133531137
1092000  -910.543166095744  1014.1363865875
1094000  -910.64229231479  1016.56454751212
1096000  -915.73124171463  1017.19450838965
1098000  -912.369373658096  1017.88886152658
1100000  -915.325473567282  1022.56419493028
1102000  -919.748404508015  1023.31982075345
1104000  -921.65395288428  1024.8905645258
1106000  -922.474809032852  1028.90045601377
1108000  -925.422523517617  1030.27533837338
1110000  -927.657003254613  1031.98159147833
1112000  -932.889637475237  1033.4070211088
1114000  -929.89426435375  1036.42615498114
1116000  -930.482643813928  1038.41326744598
1118000  -933.20655731675  1040.99916393989
1120000  -938.75580702644  1041.1992685786
1122000  -940.507947078759  1045.36890103502
1124000  -940.990686546348  1046.53618751355
1126000  -942.588975264435  1048.49826107534
1128000  -940.668877277109  1048.49347751585
1130000  -943.898241258354  1050.81014054139
1132000  -944.032849920324  1051.71421615934
1134000  -947.045588981358  1053.60560881345
1136000  -948.797380568745  1057.5924210107
1138000  -950.456150871193  1057.13632694247
1140000  -951.931497267675  1059.78470919811
1142000  -953.555000123748  1060.71380971393
1144000  -956.726345122277  1065.09841781309
1146000  -955.220811474553  1066.50237787373
1148000  -958.123723104178  1067.38775214916
1150000  -962.802651498955  1069.10370555167
1152000  -961.368191874954  1071.03098511995
1154000  -961.403926399855  1073.25674690706
1156000  -969.634468970513  1074.50999929022
1158000  -965.930552994179  1077.82918085967
1160000  -968.415305323007  1078.56488947167
1162000  -968.196993744542  1081.07979094054
1164000  -970.922994611579  1084.98413123158
1166000  -972.672408982486  1085.63188558147
1168000  -972.550033578638  1087.8179350946
1170000  -977.001808702461  1089.57658287223
1172000  -976.570907147343  1091.23646305003
1174000  -980.428246243757  1091.77453422316
1176000  -978.692713198665  1095.2825804536
1178000  -985.512362507942  1096.39526242143
1180000  -981.684192777947  1094.98438415254
1182000  -984.679952893763  1097.91186821137
1184000  -989.306218700667  1097.99129702741
1186000  -985.166421891993  1100.50704057012
1188000  -983.51123106773  1101.2879854774
1190000  -992.482023232915  1103.64847572923
1192000  -994.521552957181  1106.39375318167
1194000  -994.636302934915  1108.05487582789
1196000  -995.287033063986  1110.87703765556
1198000  -999.503183812685  1113.01764090038
1200000  -1003.77482143794  1115.2731559495
1202000  -1002.60592103375  1118.93541610351
1204000  -1004.94938861432  1120.21998673021
1206000  -1006.40982649457  1120.84413977471
1208000  -1009.71715597846  1123.70729636167
1210000  -1011.6281269732  1125.51067115149
1212000  -1010.45366342039  1126.65433337641
1214000  -1012.24381382803  1129.04730418816
1216000  -1013.24523375471  1131.43009026057
1218000  -1018.22279213461  1133.42652445603
1220000  -1019.94595343452  1137.88835996149
1222000  -1021.40224230941  1138.20632566711
1224000  -1018.98636097497  1141.43340696801
1226000  -1020.57591967042  1142.69240678918
1228000  -1019.57894212905  1147.06893033825
1230000  -1019.79691417914  1145.53449229039
1232000  -1023.81121112843  1149.70740090642
1234000  -1021.42148432309  1149.74259684198
1236000  -1027.16115602177  1152.59045362484
1238000  -1027.28324558672  1155.51461728659
1240000  -1029.55921830789  1156.38439105904
1242000  -1030.17339160544  1159.38999462303
1244000  -1033.10309517046  1161.68483721274
1246000  -1033.0692462955  1162.27533944558
1248000  -1038.26480301771  1165.26029483383
1250000  -1040.30603039652  1167.44444398611
1252000  -1046.37490646135  1171.4137725178
1254000  -1044.37736674075  1168.42975899506
1256000  -1044.72094524368  1171.51372201056
1258000  -1047.13956346793  1174.29644632361
1260000  -1046.32461761631  1176.10347528643
1262000  -1045.60276302937  1177.25395699666
1264000  -1049.19270913393  1179.2396619897
1266000  -1048.15797890166  1180.0747261146
1268000  -1051.04143595046  1182.49597826317
1270000  -1052.77436740119  1182.93219861394
1272000  -1054.18975657952  1186.04870612376
1274000  -1063.18531889161  1184.66908576155
1276000  -1065.30290306217  1188.63761856522
1278000  -1060.67868365568  1190.9126900994
1280000  -1064.87880487024  1193.12629927625
1282000  -1068.25268965318  1193.75453849726
1284000  -1068.12466785258  1195.91857513131
1286000  -1067.67325106924  1196.99413136765
1288000  -1072.3166288068  1199.1361675197
1290000  -1071.68513964982  1201.37439141207
1292000  -1070.45081838579  1203.54296336984
1294000  -1072.04321193931  1205.78656005508
1296000  -1075.72979254569  1207.26147609563
1298000  -1073.92557457318  1211.761167766
1300000  -1075.77752036287  1212.51030085639
1302000  -1072.43241783572  1213.86229924488
1304000  -1073.13932048297  1216.01077113227
1306000  -1084.05751252281  1218.18105285874
1308000  -1086.49618892114  1219.38210778818
1310000  -1083.44599065481  1220.82614509294
1312000  -1082.90567256883  1223.64700788786
1314000  -1086.72109665757  1224.9763102645
1316000  -1091.08077614691  1227.94206110549
1318000  -1099.82360301683  1230.12337460159
1320000  -1102.4351195459  1230.17640629864
1322000  -1098.71574297844  1231.9613894583
1324000  -1098.10309249029  1233.38285536473
1326000  -1104.46568988204  1236.89754280056
1328000  -1106.69253744627  1237.66760959301
1330000  -1107.3603983693  1239.44917050992
1332000  -1110.62422277133  1240.67518614835
1334000  -1111.41094547969  1244.33057099514
1336000  -1113.86316958876  1247.1833297215
1338000  -1116.36362606728  1248.37594354192
1340000  -1116.13223864858  1249.64523127826
1342000  -1123.47785593167  1252.52745481542
1344000  -1120.34190354189  1255.68267644763
1346000  -1124.65199867775  1255.40446901298
1348000  -1128.11976159075  1258.89494296794
1350000  -1129.37262676925  1258.27188175291
1352000  -1131.62885004459  1260.68703837774
1354000  -1134.08585641433  1263.86279559914
1356000  -1134.09204553387  1265.68552975912
1358000  -1130.71295769636  1266.07515365223
1360000  -1135.44412050979  1271.07859563342
1362000  -1138.98370940958  1271.66172428368
1364000  -1142.11304510626  1271.62867852483
1366000  -1146.5667946201  1274.31288223262
1368000  -1150.81872414541  1275.04396186584
1370000  -1149.51040967529  1277.26330218401
1372000  -1149.81146493136  1279.79038924868
1374000  -1151.1144493306  1281.45402821134
1376000  -1152.06667466124  1282.46601255019
1378000  -1152.22579180894  1285.72937462375
1380000  -1153.65579860099  1286.33072756584
1382000  -1157.62532299004  1286.8084649238
1384000  -1159.108671318  1289.73040486737
1386000  -1161.63662107504  1292.52523176996
1388000  -1164.6696058859  1293.63824054301
1390000  -1165.09018474184  1294.97945275184
1392000  -1171.40785325221  1295.32405334023
1394000  -1168.57676760139  1301.10312019002
1396000  -1173.37982163299  1300.56244948243
1398000  -1172.50769703253  1301.63075471854
1400000  -1175.85278459269  1303.79179228415
1402000  -1179.63471598931  1308.16740295496
1404000  -1175.2641785505  1308.97630682529
1406000  -1178.6210760663  1312.28267520787
1408000  -1184.72525992105  1314.24920776524
1410000  -1182.07025577444  1315.30585647305
1412000  -1191.53097714205  1319.57878817553
1414000  -1186.49730007743  1319.11058696843
1416000  -1187.31494035862  1322.70806078331
1418000  -1187.78173749884  1322.1378989153
1420000  -1192.13610746053  1326.58323336776
1422000  -1189.2653298227  1328.89751171502
1424000  -1190.62713190075  1331.2539969282
1426000  -1192.32767214411  1332.27004193765
1428000  -1195.0680241259  1334.06240501956
1430000  -1194.53552006455  1335.73491032204
1432000  -1194.37368982901  1339.90105936426
1434000  -1198.58341367576  1342.4727354719
1436000  -1202.84224108312  1343.19341570966
1438000  -1203.99279642687  1345.60185220456
1440000  -1205.6177313509  1345.43945507964
1442000  -1206.38253407325  1349.84392268894
1444000  -1206.47594762202  1348.61027277131
1446000  -1210.57707274559  1350.03523938324
1448000  -1209.83490352781  1352.43362530693
1450000  -1215.29640645404  1354.6196816766
1452000  -1215.65098180257  1356.72434755068
1454000  -1216.75863587882  1359.92140843033
1456000  -1218.05773475761  1359.50580219292
1458000  -1221.10214078382  1362.3472482707
1460000  -1226.25270239118  1364.80842257716
1462000  -1223.3812936542  1368.5620571719
1464000  -1228.45057881229  1367.6059367235
1466000  -1227.23194974671  1370.76370420335
1468000  -1227.27450017182  1373.14058694549
1470000  -1231.58150995644  1372.87612243972
1472000  -1232.55146870023  1374.04432416058
1474000  -1234.04038197997  1377.25338613273
1476000  -1239.11907880463  1379.01902840343
1478000  -1239.5650972137  1381.69022194221
1480000  -1237.57937949054  1382.73952373266
1482000  -1240.69006811513  1386.56935246489
1484000  -1246.04620791491  1385.21181264094
1486000  -1245.2838039367  1387.96233623334
1488000  -1247.27353353523  1390.06728414537
1490000  -1246.16930645128  1393.50277647489
1492000  -1249.84918508353  1396.48914708921
1494000  -1253.51371872264  1395.1692081408
1496000  -1258.86156844096  1397.85211001697
1498000  -1257.27790221579  1400.34311920771
1500000  -1259.03784544052  1400.93282106739
1502000  -1262.04124278402  1403.04912213999
1504000  -1264.43454510744  1404.17718770832
1506000  -1267.59669065798  1406.25348729483
1508000  -1267.90995885138  1407.38446165785
1510000  -1272.23772668026  1410.39090630341
1512000  -1271.8326477894  1412.40045794357
1514000  -1273.15581167866  1413.75817075745
1516000  -1275.58322767362  1418.42753430833
1518000  -1274.52440601256  1419.03369003395
1520000  -1279.04473623566  1420.74261324367
1522000  -1275.56377242842  1423.49936585678
1524000  -1273.57474139399  1424.21777233956
1526000  -1277.03700386739  1427.65645066759
1528000  -1286.92156283161  1427.10273705726
1530000  -1285.39145538998  1431.10013813161
1532000  -1291.49525151629  1431.61416804854
1534000  -1291.67743339609  1434.40652865422
1536000  -1291.18538239138  1433.64650375977
1538000  -1294.884530128  1438.78622245105
1540000  -1293.2974864068  1440.88799156301
1542000  -1294.92611376654  1442.91378267364
1544000  -1296.01969522497  1445.58558412623
1546000  -1299.24115134571  1447.27349367145
1548000  -1302.78942352475  1449.53122051598
1550000  -1307.07976491869  1449.62379207668
1552000  -1309.26614867662  1451.04855183759
1554000  -1307.52233487379  1453.52084606602
1556000  -1308.62118886467  1455.54057232642
1558000  -1313.25204171283  1456.77447276877
1560000  -1315.02192359336  1457.98209389013
1562000  -1312.84002777647  1460.16846041242
1564000  -1314.16133203408  1462.08103049524
1566000  -1314.48858120862  1465.67764638978
1568000  -1311.56940231734  1465.36902834835
1570000  -1315.96609768727  1467.38175801348
1572000  -1315.07214296135  1468.57871400375
1574000  -1323.20388981733  1469.55255945184
1576000  -1322.92288861661  1472.49251146953
1578000  -1322.91492409474  1474.32171620724
1580000  -1322.44747435159  1475.97087443687
1582000  -1323.90116833171  1479.37481720131
1584000  -1330.97734725275  1480.64274577431
1586000  -1333.13338396546  1483.98942075294
1588000  -1328.50216541973  1487.39292773468
1590000  -1331.50542688752  1490.23802942385
1592000  -1332.95583288236  1490.11818189247
1594000  -1334.71040430297  1491.56493397666
1596000  -1336.91157691651  1494.78668151428
1598000  -1344.21034906679  1495.8456724826
1600000  -1347.99966971775  1500.51125741548
1602000  -1347.2865784595  1500.68571161566
1604000  -1348.3768780313  1501.94325646731
1606000  -1342.60448977574  1505.91192913466
1608000  -1346.57460250625  1505.96641174206
1610000  -1355.26232683755  1509.00385267321
1612000  -1350.08359696807  1508.45925931558
1614000  -1353.85733972508  1512.62998777741
1616000  -1355.53645786045  1513.5287521835
1618000  -1356.96928873911  1517.98968563583
1620000  -1357.45248520287  1519.73556728869
1622000  -1360.18023408883  1519.90391282364
1624000  -1359.34176095086  1524.88134296818
1626000  -1362.98351007036  1528.36670599386
1628000  -1366.53852397653  1530.67908131477
1630000  -1364.75378996043  1529.94617866715
1632000  -1366.37384470098  1531.27337263739
1634000  -1367.87803173597  1532.62589884636
1636000  -1368.69719538155  1535.81423458089
1638000  -1372.90641979341  1538.30078450079
1640000  -1373.26011662007  1540.60280989765
1642000  -1377.26188242673  1540.68217943817
1644000  -1372.64452075474  1543.22246883239
1646000  -1379.01978245699  1546.76985123321
1648000  -1378.30392374823  1548.60723453564
1650000  -1381.3381659066  1550.7219918677
1652000  -1381.07917994245  1550.55263151256
1654000  -1387.13380181932  1553.27330520494
1656000  -1388.82263605123  1553.48054918748
1658000  -1391.2813048318  1556.74449232956
1660000  -1390.29769302222  1557.53998634087
1662000  -1389.65660629759  1560.65016431005
1664000  -1391.64630438818  1562.12522411043
1666000  -1395.75546782101  1562.89674163665
1668000  -1398.98216130606  1563.47511744616
1670000  -1396.19706081962  1568.26651554416
1672000  -1402.42891946595  1568.40399775877
1674000  -1399.93701405652  1572.03863142388
1676000  -1402.90019012473  1572.68967722574
1678000  -1402.54614943713  1574.75054450366
1680000  -1407.35908982155  1577.86644979951
1682000  -1407.36602763997  1577.83097463884
1684000  -1411.96546401133  1578.86975322191
1686000  -1416.52072210774  1581.26923190757
1688000  -1419.80850823823  1583.4487781688
1690000  -1416.00501448764  1584.53846238686
1692000  -1420.76179067477  1588.93759708086
1694000  -1422.21423541671  1589.98211117212
1696000  -1425.54689470159  1591.21875439181
1698000  -1426.20628070201  1592.13529927934
1700000  -1424.09656402414  1594.77503462455
1702000  -1426.5700990564  1596.55880203063
1704000  -1429.69930502936  1597.94809164791
1706000  -1425.2956025148  1598.41796071458
1708000  -1425.65519031421  1601.73363293257
1710000  -1428.12224371476  1603.12762155424
1712000  -1427.67602106573  1605.26208177685
1714000  -1436.10123830387  1607.80088396737
1716000  -1439.76320670035  1608.47690686969
1718000  -1442.34356233658  1610.44298637934
1720000  -1442.88598841131  1612.78149098224
1722000  -1444.42082823851  1615.07011021142
1724000  -1445.62900413739  1616.33046061391
1726000  -1452.94927017539  1618.45361427982
1728000  -1455.93353354194  1619.46853267575
1730000  -1455.19658448276  1621.57776298558
1732000  -1454.8314399457  1622.78240782696
1734000  -1454.09799388042  1625.78094440594
1736000  -1458.98763369653  1626.20632046199
1738000  -1455.9058890087  1630.96512142147
1740000  -1457.0069916473  1630.77777534433
1742000  -1462.07265155134  1632.20047260264
1744000  -1470.91446958816  1634.01624290219
1746000  -1471.9889978629  1635.79722422776
1748000  -1472.17514596407  1640.50714867783
1750000  -1476.39523923591  1642.42267017769
1752000  -1474.27580299942  1643.60391164393
1754000  -1473.85228943117  1643.66616861079
1756000  -1475.29581983309  1647.01762537489
1758000  -1481.72237568079  1647.43209370705
1760000  -1487.16481320661  1649.62280419725
1762000  -1485.00798846544  1652.29683288172
1764000  -1482.62035361095  1654.20838537141
1766000  -1485.93435871576  1658.91546771455
1768000  -1487.20974122551  1660.05888502786
1770000  -1487.5067044198  1660.62443669619
1772000  -1494.7491422911  1665.23179470682
1774000  -1494.22584495432  1665.99268745974
1776000  -1490.82442897622  1666.42076712931
1778000  -1498.53027681111  1670.19954952268
1780000  -1496.43026008812  1672.81443709664
1782000  -1496.08285247368  1671.75039730768
1784000  -1499.9180284247  1675.00047778961
1786000  -1498.20843983021  1674.78141799599
1788000  -1503.45877717735  1677.38857696349
1790000  -1506.16766887134  1678.84072839159
1792000  -1509.11731075449  1684.18434297289
1794000  -1509.94868230748  1686.47571536118
1796000  -1509.83721853377  1687.02359468623
1798000  -1517.35374798511  1688.17045709235
1800000  -1516.61605097551  1688.93088168031
1802000  -1518.12362281485  1690.4188713648
1804000  -1518.32251525313  1692.62127252239
1806000  -1520.99516877296  1695.84117289323
1808000  -1521.19379449553  1697.57175417084
1810000  -1521.71367790168  1699.88642281669
1812000  -1518.93009067417  1702.48444411892
1814000  -1523.51451852563  1702.04483594147
1816000  -1523.82127504625  1703.06879140522
1818000  -1523.36073957916  1704.51262957326
1820000  -1524.08891661651  1707.03344056919
1822000  -1525.25565561138  1708.1584670524
1824000  -1525.26036802472  1711.24069318177
1826000  -1532.31082437848  1712.39793050596
1828000  -1534.92011402517  1715.94118597107
1830000  -1536.53454555774  1715.05498192026
1832000  -1537.70242961878  1717.8029982428
1834000  -1537.01336669538  1719.61164553597
1836000  -1539.51663932096  1719.52698780654
1838000  -1543.01477113842  1723.35975351552
1840000  -1541.06336716043  1725.56308757591
1842000  -1551.58477763739  1728.25766509194
1844000  -1549.22601046925  1729.88367892015
1846000  -1547.93803231599  1731.30628042516
1848000  -1551.11871576205  1733.74437066914
1850000  -1553.06480455484  1735.05985925428
1852000  -1550.45987974299  1737.8754201869
1854000  -1552.61229774157  1741.06846169018
1856000  -1555.82331489313  1742.20780186767
1858000  -1558.80931209081  1746.00235361766
1860000  -1562.57436080608  1746.5555339691
1862000  -1564.78386813416  1749.17648595241
1864000  -1569.85713691199  1746.97420433167
1866000  -1564.17909265273  1748.08344540454
1868000  -1565.3463348748  1751.48579879515
1870000  -1571.24147807679  1753.32598759319
1872000  -1573.72872502806  1754.07506683562
1874000  -1573.44452922035  1755.61647689755
1876000  -1577.56577970104  1760.43409081855
1878000  -1582.21758866645  1760.74396263512
1880000  -1580.14845927368  1762.71216550865
1882000  -1579.97768954006  1762.6564552107
1884000  -1580.35949880907  1764.11392238988
1886000  -1582.54149718883  1765.63734653652
1888000  -1588.10354271238  1768.20363340386
1890000  -1592.35360522863  1771.46484088228
1892000  -1596.90724271449  1772.96571655471
1894000  -1596.03646133656  1776.80867200582
1896000  -1595.92758755493  1778.51150658784
1898000  -1600.41176944103  1779.98710236047
1900000  -1600.20560000388  1783.47996725147
1902000  -1600.42917553028  1781.49640064324
1904000  -1599.16551010964  1783.12541150514
1906000  -1603.86859421147  1787.16456940623
1908000  -1608.90388005848  1789.13154936247
1910000  -1615.50604298197  1793.84593221951
1912000  -1612.38109367489  1794.24497127837
1914000  -1618.11365197816  1796.48736293814
1916000  -1613.8882385179  1799.52091783555
1918000  -1616.77484318611  1798.87947032543
1920000  -1619.9289471309  1800.24317077547
1922000  -1622.93414723468  1803.06293664602
1924000  -1622.00164063286  1804.45970132046
1926000  -1626.71279973357  1806.60641417362
1928000  -1626.13927033736  1807.60875726456
1930000  -1624.41394010428  1808.63146453918
1932000  -1629.77318000627  1811.2171008729
1934000  -1626.19908152103  1813.45114327436
1936000  -1630.56820154081  1815.42329123307
1938000  -1631.39410804711  1817.0336177163
1940000  -1637.83329528003  1818.14809874983
1942000  -1639.57567747082  1822.63341855504
1944000  -1640.22053350871  1821.28388070788
1946000  -1638.42076092592  1823.36378147997
1948000  -1643.06516486597  1822.25268698214
1950000  -1647.28413963872  1825.15532284933
1952000  -1650.50827528037  1828.53634838488
1954000  -1651.72632525886  1829.76535282998
1956000  -1650.53263866881  1832.74756231234
1958000  -1653.27435919758  1833.9432798385
1960000  -1654.67537898552  1834.24287881056
1962000  -1651.2995587373  1836.49804970284
1964000  -1657.81799114196  1838.43771098363
1966000  -1660.43891765868  1838.34575225636
1968000  -1661.68800471348  1842.93323316698
1970000  -1665.41483866567  1843.32142018264
1972000  -1663.40005200455  1846.76071026504
1974000  -1672.0887595382  1846.1867531464
1976000  -1671.44933196541  1847.64276806825
1978000  -1668.89362697589  1853.14270345313
1980000  -1671.18155457657  1855.00076058029
1982000  -1671.33477184535  1854.24538255651
1984000  -1671.81458127527  1855.49761675287
1986000  -1674.76940860567  1857.85478268268
1988000  -1680.47854075962  1858.62206549665
1990000  -1679.20002233873  1860.02614420666
1992000  -1683.67735685675  1861.55874200474
1994000  -1680.83796983479  1862.56970624297
1996000  -1684.23619345143  1864.59566457168
1998000  -1682.42831904138  1867.87613050416
2000000  -1686.42713634115  1871.02844627777
