Time  E1  E2
0  -0  -0
2000  -0.143654661242279  -0.887275050448839
4000  3.91679107781513  -1.49853784234543
6000  4.88151618915946  -0.174062811544143
8000  8.35826233723201  2.84570349057739
10000  8.1307749279928  3.147914579156
12000  6.87337123616185  6.44258907669209
14000  2.98095298336061  7.79965959606734
16000  -1.6397276724776  9.20499272397178
18000  0.274945995149209  11.2057883089137
20000  3.34026019280883  15.2448985099513
22000  1.1090626231394  11.8040357177779
24000  2.93915922601047  12.4566180474202
26000  1.83728624535095  12.4321270168258
28000  4.1626791674503  15.911912730534
30000  -2.08420610209727  18.960849538815
32000  5.21250667490342  18.3257170612438
34000  5.82925344874666  17.1279164803122
36000  2.59896795654719  18.7025706070508
38000  2.4084358174529  21.6629708706542
40000  2.13587138802758  22.4302743369744
42000  4.64381505583839  24.1773818212051
44000  6.52772492333593  25.5731629952886
46000  6.95560594206446  21.7787299951818
48000  2.34931273836376  23.0708776479584
50000  -4.63692471864613  24.6626400396218
52000  0.422373199105815  27.3717433226133
54000  0.0194284005278995  29.67649903415
56000  0.927935596154436  29.317968027195
58000  2.40149921872694  33.1587130775406
60000  6.44174227386533  33.0201910294182
62000  3.73026405469665  36.1891061671791
64000  3.39471420698274  34.4212984663964
66000  4.72167378770028  36.9640858376354
68000  2.63624061222877  36.7311420937434
70000  5.27345815743205  39.0483038593279
72000  2.89637018643607  40.4319728274333
74000  2.91800923098314  40.5481512459244
76000  1.72975423907502  39.5925921441569
78000  5.27658873921186  39.8313780208272
80000  8.69564244222474  42.8306627891452
82000  5.52340304969856  43.8361917189595
84000  7.07145895657391  48.1812058411348
86000  -0.217785482104128  45.0504359917012
88000  1.49815230716922  47.4934298390324
90000  0.83430402889957  52.8269769299116
92000  0.887358064868076  52.6946035184805
94000  0.954569588298446  54.7387858252425
96000  -1.44045313605393  55.7894615062278
98000  3.06201946057947  55.463971316036
100000  0.799784053412375  57.7853965104944
102000  -2.68390700523  62.2727831155931
104000  0.411941615487729  59.0698431791228
106000  -1.5344872463457  60.3641505533046
108000  -1.35806561728243  61.5549242569759
110000  0.377286079430707  62.4699853369112
112000  -7.21599017412818  64.3530672571184
114000  -3.41172374515409  66.3767696395734
116000  -0.928039404303862  64.6080309663788
118000  -4.35324010003026  63.5373169477841
120000  0.353737462857823  69.905276755415
122000  -0.504000995109943  68.1394341932238
124000  -1.65052095890446  69.3034211804306
126000  -4.76012623619157  70.4092410558202
128000  -3.39869864189106  70.0890504717698
130000  1.0892474946444  70.0173249648773
132000  0.175684415880269  72.0431152925468
134000  -6.57016759861766  72.4800840908642
136000  -3.14656741444892  72.1438107445929
138000  -7.2326248726036  73.4543836066013
140000  2.66642298767742  78.2792675048287
142000  -5.32503921860874  76.102264214678
144000  -9.37394710657357  75.2456120920846
146000  -8.59947180994117  78.0683271350096
148000  -9.76194744760284  79.5730100367906
150000  -12.0025725470035  79.5570853928678
152000  -10.052846054264  78.5461003295078
154000  -17.1329691484281  79.7681959119292
156000  -15.8058606243481  82.6611761487748
158000  -12.0518787198887  85.7906854195724
160000  -16.5470382049645  86.1602611507325
162000  -13.5505445045593  84.2445131463291
164000  -21.247032645058  86.6596675134288
166000  -19.5431034466828  90.613199859761
168000  -22.3479338315215  89.8207440037387
170000  -18.9704958682857  94.3715822087001
172000  -18.1837522535469  92.5456822117735
174000  -24.6890821216187  95.5084128551366
176000  -25.8247894227266  92.5697899409413
178000  -24.4843190942188  99.7485586281084
180000  -24.5431212833248  100.178256426874
182000  -21.9509255833935  104.017282402614
184000  -27.8871519211568  102.272250326548
186000  -31.1256665913923  102.826968556604
188000  -19.332064284846  103.325850347725
190000  -29.4861708202208  105.485894954578
192000  -29.1652914517369  106.4536194067
194000  -29.997582551772  107.086051841544
196000  -28.1773448945764  110.100496587666
198000  -34.3474112544901  107.935234857257
200000  -29.4838469327727  112.714628764714
202000  -27.0282191919165  112.480324651397
204000  -31.2496331693913  111.880328466752
206000  -30.521353967038  115.021220458181
208000  -34.1503570380936  114.304300729187
210000  -32.0820102264894  118.192588654376
212000  -30.1133555783409  118.839422274818
214000  -37.1475509575052  120.387796659534
216000  -42.4009628170807  119.290037205676
218000  -27.8612347680273  119.173541788521
220000  -33.3959860281196  122.743309705968
222000  -33.029473962395  124.271345046179
224000  -24.4769785052645  123.593594754483
226000  -33.5949764290251  125.11972304894
228000  -31.6857282661953  127.88543827925
230000  -25.134632146235  127.928162862744
232000  -32.5184671678229  128.455571104591
234000  -38.2441761496942  133.764767133612
236000  -36.1336181879549  131.56305609232
238000  -39.716952002091  132.089522400074
240000  -34.6971636821965  132.296090067178
242000  -35.2578003198769  133.798550754168
244000  -38.8835144904332  133.34151693453
246000  -38.1534899481643  135.41876356369
248000  -41.3043251311148  135.792481353075
250000  -40.0957449995001  136.918760248831
252000  -41.1912272480953  138.627876374981
254000  -36.729254219434  142.231419225371
256000  -36.1871441775177  143.729095063492
258000  -38.0095759273131  141.433292891344
260000  -41.5440449008092  144.994251216172
262000  -39.3872279486035  144.001859396601
264000  -44.9398929950203  147.990173104621
266000  -40.6300168686045  149.695995977591
268000  -48.3764588484165  150.791359127146
270000  -38.4584501831788  148.156523680139
272000  -35.2711213465289  151.29199093472
274000  -37.3199952428166  153.823543940198
276000  -37.868190494947  155.345738229549
278000  -42.9063956004229  156.900805876845
280000  -41.6369432390218  156.920263996558
282000  -43.9440114745473  158.217339489735
284000  -44.7301354944199  161.05117413816
286000  -49.0772763267629  164.353589609754
288000  -48.8187557051225  162.913655426198
290000  -42.3295813774551  164.490811283026
292000  -47.4349374712309  168.067189299033
294000  -48.0427138404138  170.074488523479
296000  -48.8990847238925  171.383012463269
298000  -51.1516088100896  171.064371673146
300000  -51.8644646704376  173.047104711059
302000  -55.8211141167132  172.972753915376
304000  -56.3801552954364  172.973583988429
306000  -55.6543306910378  175.303498041746
308000  -55.5043555204353  177.352118016075
310000  -58.5859947120168  176.430527367094
312000  -58.7158505811108  178.687916899159
314000  -54.8223595707328  181.204052997133
316000  -56.5007167901623  182.568534536603
318000  -61.3809816490894  183.68270651924
320000  -60.8102219110882  184.054350561691
322000  -55.5928486057369  186.870816016924
324000  -59.4985243616707  187.083255546245
326000  -59.1933417080553  187.426144528041
328000  -59.5126155260351  190.686786361032
330000  -60.7980788598441  189.519762504817
332000  -65.8168280868584  187.646868442271
334000  -66.5512348255875  191.02597816863
336000  -66.3874819761471  190.924616894796
338000  -71.0140329567777  193.314795718168
340000  -63.8760333197075  194.553131692362
342000  -73.1818420971457  199.294729375117
344000  -65.6088986546482  198.328683194403
346000  -67.468703065755  198.817898860388
348000  -66.0076457423502  200.037496134499
350000  -67.7335812485885  201.917936974711
352000  -76.4348615301802  200.574450682593
354000  -68.4748002802632  202.778208289689
356000  -70.2695657614982  201.686670790842
358000  -68.6929114530189  206.175281997477
360000  -70.4295625314296  207.862796112003
362000  -69.0198922210038  210.663183633659
364000  -68.2124798169813  206.624056230014
366000  -69.4799914151706  210.928438790551
368000  -67.4640056911767  211.309292879937
370000  -68.1461924512273  215.579411010914
372000  -63.6148923653804  211.666666696957
374000  -69.4234935414185  213.355949876018
376000  -67.8602685196616  216.194976252322
378000  -67.0870412047686  218.918685942814
380000  -71.1455054693441  219.740203755338
382000  -68.9207126210192  218.436090017728
384000  -69.7299894375877  223.334883776482
386000  -72.2555074242686  225.017021904796
388000  -72.5233144614792  219.87848973611
390000  -73.2699592319769  223.56487468604
392000  -73.0926204423754  223.652584271405
394000  -72.3086101964304  225.976200668048
396000  -77.1205251040729  224.160937762354
398000  -72.3722222638259  227.246406316014
400000  -80.9104332691552  226.513885867725
402000  -77.1319886332127  228.795489214254
404000  -80.7973070125698  227.96765296086
406000  -84.5285746573394  228.797706471782
408000  -79.0343496336482  233.716896135719
410000  -77.0138445805222  230.996332139925
412000  -76.7274968966027  230.894523155284
414000  -70.4515619837021  235.350213802253
416000  -75.834783405557  234.011424627534
418000  -71.3269704109501  237.490445022852
420000  -74.9233126615324  233.324824578209
422000  -75.3466180109542  237.225204242044
424000  -77.0697115088259  242.691887144827
426000  -78.6730704497313  244.198438322049
428000  -80.1571422271011  246.052120243389
430000  -79.6077620069015  247.216085342922
432000  -82.2847877486361  246.39814991446
434000  -84.5767789277743  250.060395585928
436000  -80.9269556873765  250.535270980161
438000  -85.9638907308237  252.27528350713
440000  -85.0043098222158  254.773794675826
442000  -83.2615114100461  252.968978288471
444000  -90.7225207700289  257.219878720255
446000  -86.2223927540272  259.976672122715
448000  -91.2588501843239  257.822683009179
450000  -92.0459415911519  259.416853818283
452000  -91.3091564571838  261.930394231519
454000  -79.9948893011146  259.89380690683
456000  -91.7401818094535  260.740343817455
458000  -91.6975014376177  265.123880294482
460000  -98.3318230161719  265.296478683773
462000  -91.5128592801569  265.968842503393
464000  -95.546604513134  269.294789100882
466000  -93.8486380173621  267.248864581457
468000  -94.0248891301294  271.264631343603
470000  -94.0609942914892  270.998352400043
472000  -94.3948607845266  268.786362865451
474000  -96.5101081276731  271.417983466078
476000  -97.2590851875731  275.173403111897
478000  -99.3136975529294  274.475205271313
480000  -97.5157015364284  277.041371401843
482000  -95.0943743994409  276.971840633651
484000  -97.7394345764411  281.453475424478
486000  -95.9519929581488  281.642414425837
488000  -99.1445224583918  279.598414259889
490000  -102.043155796684  282.792075101448
492000  -101.700148804497  282.707469987262
494000  -100.799119204319  283.83570316185
496000  -98.6151001115821  284.797029875858
498000  -101.215178331548  284.847676022628
500000  -103.833328521282  288.312623943883
502000  -99.6905146345835  286.789728111105
504000  -97.5977063189425  291.585362586097
506000  -98.5044185173246  291.185108042947
508000  -99.2370659770327  289.665128503168
510000  -96.5367413982536  291.836175680888
512000  -96.7872806997474  290.21058182415
514000  -101.74901261357  292.352580523551
516000  -96.5269497107562  294.502608375417
518000  -98.3345068821493  294.828365719089
520000  -98.0995000191864  296.411588120042
522000  -93.7339432776305  300.683797174517
524000  -100.166127879884  302.984711556489
526000  -95.3125532245644  302.473558941828
528000  -101.777539364117  305.128709844773
530000  -98.5755969455318  307.418572944184
532000  -103.172042834626  308.822372466879
534000  -100.194875355911  306.250040361435
536000  -104.939526817696  308.868592010715
538000  -99.5656068150696  310.204545501753
540000  -103.744708831545  313.0122488108
542000  -104.817480928612  314.787553485324
544000  -100.933271296951  317.917745043279
546000  -102.883904350787  319.334709356977
548000  -105.541705442654  318.293742747693
550000  -104.796510411596  320.405572516447
552000  -107.863296658092  325.486237894559
554000  -108.252853526557  326.016542952836
556000  -105.751722247292  322.723083245604
558000  -110.676358512504  325.548629594699
560000  -107.421724719257  329.829171648246
562000  -108.616696698282  328.634832111491
564000  -109.386992902124  331.254663741325
566000  -106.345343327402  327.550330216224
568000  -97.6253231464234  331.8182728766
570000  -101.687410107881  333.318110343116
572000  -104.986184440052  332.443943838841
574000  -103.256455691188  333.812288222087
576000  -106.928294439816  336.139129378114
578000  -104.754407289098  336.248573176599
580000  -101.61327768984  338.677196264914
582000  -103.227476818697  340.942527703434
584000  -105.950666160715  340.879384286212
586000  -104.638372731704  343.234940960028
588000  -104.560506383094  342.693872920573
590000  -105.961872591358  346.566266609525
592000  -106.965498534221  345.212113639371
594000  -99.7299666417544  346.856226104559
596000  -107.405729178163  345.078783763099
598000  -106.369570873363  346.674556839507
600000  -106.161359313028  348.010636316906
602000  -107.233986050146  347.041864101393
604000  -110.36625482446  354.328321410666
606000  -111.808495186342  352.661213852812
608000  -103.369349679939  352.833832871188
610000  -105.794969991929  352.346082937435
612000  -109.501037572012  358.723596661187
614000  -103.805921031778  357.43178134522
616000  -107.111045567213  359.030184692321
618000  -107.35293348653  357.634460459022
620000  -101.322093996669  358.895892367943
622000  -104.351601992531  357.548943283905
624000  -100.99390574012  360.430515022878
626000  -103.016171106835  361.138322197276
628000  -104.362675954346  363.929440753339
630000  -105.653315353408  363.828550131001
632000  -110.306271451759  364.252330968759
634000  -108.260121829715  365.517306888285
636000  -111.204084521084  367.394107460602
638000  -102.91996405448  370.246581924627
640000  -115.292750769704  365.679819814397
642000  -112.411523727039  370.910770873964
644000  -118.872200840353  369.827944409583
646000  -118.595048956828  370.035003099607
648000  -113.64598246463  376.235012975663
650000  -118.056222019211  375.479230929329
652000  -114.356394715006  377.764533564933
654000  -112.344518828586  379.835489297708
656000  -113.460541200812  377.420485034946
658000  -106.679034024428  378.638673705107
660000  -116.167834288917  379.63884283463
662000  -111.188648560127  381.530784192468
664000  -118.984573082367  382.716576738301
666000  -112.903957246042  385.859379006524
668000  -110.736663599491  387.192429526257
670000  -110.967279205683  387.260180464838
672000  -112.281588306742  387.805999821657
674000  -116.955601138152  389.539650323787
676000  -115.541286445974  394.176533621608
678000  -124.761111048062  393.606724513548
680000  -119.643983761021  394.077299855771
682000  -119.7162624371  397.982330302748
684000  -120.67661175667  400.77059098049
686000  -117.379978896063  401.432109146428
688000  -120.038536916044  401.322689395583
690000  -122.227626684573  404.326026551448
692000  -115.892141587726  405.713295755122
694000  -122.46800253852  408.018475653217
696000  -123.890552825966  407.779410995256
698000  -125.379074135384  408.796603159143
700000  -122.503067893934  411.468634237387
702000  -129.068483644253  409.914001959345
704000  -127.301631029972  413.740125030262
706000  -128.738288242864  412.276939319879
708000  -128.959225531625  412.052021396266
710000  -127.126288656117  414.562299315361
712000  -127.248386082412  413.608539593833
714000  -127.629076919825  415.09974236051
716000  -134.532958036675  416.559433968607
718000  -136.050246632418  418.900663571978
720000  -132.55869490442  423.046436043239
722000  -138.411905418914  421.151304312788
724000  -132.66631791501  421.768177644132
726000  -138.484856592838  426.445959282904
728000  -140.051738651554  425.180006637452
730000  -136.706810275564  424.453989379825
732000  -139.942119517355  428.496393495272
734000  -144.968382574256  432.26325077945
736000  -140.02041141956  430.509646264275
738000  -144.174257230947  432.897959880746
740000  -142.024409221202  435.763697555222
742000  -143.153108910329  434.944235481131
744000  -138.081294394484  438.517797599211
746000  -135.414304223984  441.945879500315
748000  -140.86254428799  439.75688525004
750000  -141.622971444296  445.371042565394
752000  -144.134677641549  443.388657763115
754000  -141.186251747417  445.177183413221
756000  -147.902879823911  446.226640412175
758000  -143.840825963629  449.538236486601
760000  -140.919240443022  449.016185710997
762000  -144.762255574097  452.236032430652
764000  -147.27469910417  451.436941423753
766000  -142.233604095657  450.15795768713
768000  -144.457431929202  452.945100614378
770000  -144.795540970213  456.717001741335
772000  -139.542185630407  452.2316699246
774000  -147.62434534677  454.765460138009
776000  -147.167794125282  457.487162229119
778000  -140.032296615513  459.58856612587
780000  -147.24277229224  459.162623457798
782000  -148.146068792984  459.235917347398
784000  -144.789456163037  463.598450772138
786000  -150.460166670062  461.552113319126
788000  -151.419338470905  466.687799241554
790000  -151.9880341313  464.012489941585
792000  -151.907270396612  467.769663028535
794000  -157.232062663386  466.628472838548
796000  -150.498147984655  471.192834349419
798000  -147.054794781753  470.69259567438
800000  -149.86410806137  469.287066437474
802000  -153.245300894581  471.321965676727
804000  -147.088383772983  475.00912434989
806000  -151.104401954201  473.233251925156
808000  -158.058069929803  476.616588622557
810000  -152.758791010769  478.30567996111
812000  -151.635414139168  479.032634901267
814000  -151.343780052819  483.681492555604
816000  -158.805558395215  482.512996066654
818000  -152.616372683691  482.093844897395
820000  -155.415583490246  483.74295568229
822000  -151.055941494711  483.184574370977
824000  -157.736274955514  487.610358259557
826000  -154.294536717773  486.683235228213
828000  -159.6244368214  491.174993354565
830000  -155.330378197007  488.649500762303
832000  -157.049045699656  489.893029961713
834000  -156.138728007558  493.421813533566
836000  -156.713036799503  494.753211309846
838000  -158.265090653243  496.366941137294
840000  -166.831292234621  498.662282988022
842000  -165.297597212944  497.03968998306
844000  -158.039273018323  498.270002533681
846000  -158.558862333808  500.030508197605
848000  -165.18725198905  501.928199708171
850000  -167.44260961143  503.103262682693
852000  -162.482809098128  505.009270146655
854000  -160.259929561455  506.893300191553
856000  -159.940795888524  510.163554187031
858000  -158.939280338886  508.16622496707
860000  -163.083028506646  510.806590739179
862000  -159.74101964175  510.566118324137
864000  -162.52627735042  513.496103775199
866000  -166.315533769026  512.368647647118
868000  -160.278446109158  516.943440364493
870000  -161.391062943298  513.423489727267
872000  -164.645481432429  515.802465099101
874000  -166.548873588532  519.941466462629
876000  -162.49240637499  519.753985251077
878000  -165.559043822324  521.197068162756
880000  -162.599274684354  523.19341277163
882000  -167.073465197613  524.396644884154
884000  -169.730271626371  527.322950340158
886000  -166.138999729878  523.136244623038
888000  -168.971826148647  528.035459334484
890000  -166.057147957964  529.400056859789
892000  -169.239066855874  529.595805293468
894000  -168.137305196625  529.685595782074
896000  -171.735435753271  528.933365898483
898000  -168.755270913664  529.790615632988
900000  -169.662533512768  534.199781956432
902000  -168.604148311391  535.048205225496
904000  -168.812803102767  535.281718810605
906000  -171.746618573291  537.027375857963
908000  -167.171326288972  538.892066589847
910000  -170.082373081168  539.463154875604
912000  -174.999727038  536.830867464509
914000  -171.184269012742  542.740324698738
916000  -168.657336160083  545.195627521117
918000  -173.392564649496  544.279816870429
920000  -167.51730231195  544.610828854544
922000  -174.294604363658  543.440855604834
924000  -168.875026792641  547.915133058523
926000  -168.904216042003  547.063186527909
928000  -169.981771404346  550.051559490876
930000  -168.674950965194  552.79380309752
932000  -169.662528227786  553.812831812358
934000  -177.666591234804  555.7376295158
936000  -178.207345620856  556.932765753079
938000  -174.506055358083  556.497761141727
940000  -173.857458646463  557.492686301666
942000  -173.821472185304  559.124602445623
944000  -175.486444561458  561.706715280161
946000  -176.30730185399  559.134672940047
948000  -171.682969072886  564.355996727287
950000  -176.007409253619  565.121326890618
952000  -177.476905283398  566.258066389667
954000  -172.250484161129  566.060531167279
956000  -169.585545084426  567.688874004258
958000  -173.983256223512  567.986572456235
960000  -172.937975752361  570.013533697988
962000  -178.637829998871  570.641569074604
964000  -171.229969069747  569.800834550059
966000  -166.890867260348  572.784232728188
968000  -166.666159630212  575.093361163248
970000  -169.321418931295  575.916325382777
972000  -174.11578535955  575.698167866522
974000  -178.187238432193  579.041165317112
976000  -178.660785694507  579.429014857703
978000  -178.091886475319  579.50800734218
980000  -182.496461906156  581.933739301963
982000  -176.203533970902  580.837452832595
984000  -181.827822932315  583.923731399103
986000  -180.686333976574  583.7873918051
988000  -181.707246844756  584.207647821574
990000  -184.663927818459  588.457614665946
992000  -178.380742544167  588.816566363881
994000  -182.925800235751  587.571135810293
996000  -184.447861643536  592.922676411035
998000  -186.05949801637  592.149387009053
1000000  -188.235454915407  594.216546204394
1002000  -190.046541691987  597.130428219564
1004000  -184.877588581212  594.448847313891
1006000  -185.887534448384  596.112799031586
1008000  -186.608658212736  598.635018333364
1010000  -190.066232604221  598.497045803559
1012000  -188.060583930882  600.313085402181
1014000  -190.596342447226  602.693317782802
1016000  -187.532776779115  602.799168443141
1018000  -192.953346676301  603.147090737406
1020000  -188.681597759461  604.166463954091
1022000  -186.546795550193  606.660867973775
1024000  -187.314871706698  608.263554375713
1026000  -187.495702276697  608.56214886674
1028000  -189.018159301994  608.213932498585
1030000  -192.30690086153  609.502304584115
1032000  -198.352148337489  612.860081714662
1034000  -194.728308842041  614.149035437609
1036000  -193.200837539873  611.406879810523
1038000  -197.047087163819  614.886724059848
1040000  -191.603447801223  614.6375637461
1042000  -194.659018149259  616.601821973983
1044000  -193.929556357077  617.341100056991
1046000  -192.050776191215  616.526055613767
1048000  -193.306109451134  620.916223874364
1050000  -191.4003618744  624.033797890235
1052000  -195.660758981536  622.700535839508
1054000  -195.574055282958  624.22925472584
1056000  -202.611528683651  626.107366528695
1058000  -194.677443357442  630.786409029938
1060000  -201.037245937726  631.336728706314
1062000  -194.381460578619  630.853262980864
1064000  -195.026590554767  629.702911114829
1066000  -195.480359593458  632.841730028757
1068000  -197.590126843757  634.853819793353
1070000  -198.717642788103  635.658160416431
1072000  -205.31855673594  639.011156987096
1074000  -201.083057294175  638.260701509044
1076000  -205.862384723681  639.209037062431
1078000  -206.138028865125  642.25583728564
1080000  -205.012813267716  640.696566053582
1082000  -205.892968384566  644.842655050919
1084000  -212.735344812196  648.60202586855
1086000  -203.463974904174  647.017259122688
1088000  -206.32666360713  652.079803525702
1090000  -208.870589640638  650.603857457206
1092000  -206.725911040266  652.010069520931
1094000  -205.184411587491  653.089567570072
1096000  -209.854084102618  653.160691354471
1098000  -207.918160012619  657.075098608628
1100000  -203.463710567169  655.321274880914
1102000  -205.810129289548  658.196452381884
1104000  -202.481981924154  655.707213929391
1106000  -210.398037767478  660.62294070469
1108000  -213.669508406193  661.885210062635
1110000  -207.102010980971  662.496578514511
1112000  -208.609978725955  664.033179915044
1114000  -208.691667126359  662.905158087817
1116000  -205.48916708709  664.307529244776
1118000  -210.847964256489  664.989154317239
1120000  -210.384028563703  667.619142836326
1122000  -218.825002838408  667.807950988695
1124000  -215.831032809366  670.075410686663
1126000  -216.366090558622  668.141697177275
1128000  -212.633712270831  672.084930189387
1130000  -220.922036108934  671.594612819751
1132000  -215.932539246047  674.164324981888
1134000  -218.827493326249  673.437998862241
1136000  -221.717806620257  678.682439329288
1138000  -219.086453787214  676.236784382128
1140000  -224.727976106493  681.22028112688
1142000  -222.484326018928  680.729876764765
1144000  -221.058187991364  680.261248483225
1146000  -228.013198636475  680.564391530055
1148000  -223.297166099047  682.098259466664
1150000  -223.480586097145  679.90186335476
1152000  -223.00941089442  685.918925037606
1154000  -226.162833680493  688.888094435072
1156000  -225.599101539587  690.910557719558
1158000  -224.095067267534  692.418626824556
1160000  -222.79028837698  692.484017607644
1162000  -218.172156932151  692.618799881591
1164000  -220.982611973482  694.320380028196
1166000  -229.102945578741  697.316882769386
1168000  -223.789235063741  696.412426334062
1170000  -219.151657407797  698.944225238825
1172000  -219.727575399756  701.598216402398
1174000  -220.964122954753  701.167340057992
1176000  -218.938705753121  699.952597329926
1178000  -227.054120856213  703.209271582116
1180000  -220.307934560754  704.604263873745
1182000  -218.319037809885  709.422688031649
1184000  -218.817148112508  706.420154425115
1186000  -222.76969650652  707.20899559377
1188000  -224.384591267494  706.624742467016
1190000  -217.412985264279  708.522896781678
1192000  -223.139326896081  711.440420202533
1194000  -220.952054740023  710.606304525315
1196000  -217.576647317815  715.130696930818
1198000  -220.740319573162  713.167280296024
1200000  -223.453226383027  714.362157943089
1202000  -225.617432831912  715.65243764495
1204000  -222.95784332833  716.234794305671
1206000  -224.800039810282  719.327550895136
1208000  -214.610527347041  722.852521342538
1210000  -217.046175872236  722.040567503749
1212000  -224.490289319728  726.847513672223
1214000  -226.34569244937  722.773904872522
1216000  -227.46947787986  725.124754698494
1218000  -226.612348065233  725.555152593966
1220000  -226.266105659281  727.641475909358
1222000  -220.142987179793  731.466439897062
1224000  -224.733670616788  730.507283756793
1226000  -220.218248274199  729.786174166621
1228000  -225.340236447333  731.225956054783
1230000  -228.93573893371  734.315511732466
1232000  -229.007247562321  733.142220641486
1234000  -227.640522081583  734.866371302847
1236000  -231.709846650815  734.011255790657
1238000  -224.861919047225  740.477510509142
1240000  -229.325237891451  739.919933721429
1242000  -231.66203655865  741.264517850597
1244000  -233.573447008705  739.884437906022
1246000  -236.441646627987  742.791446347454
1248000  -235.856761965131  742.271338044253
1250000  -238.443209087406  743.425236425741
1252000  -238.88078811921  747.711541621759
1254000  -239.389941934915  747.421748924392
1256000  -237.664102885737  747.356073087112
1258000  -238.214439679567  751.484971327661
1260000  -240.670564629737  750.334603223892
1262000  -246.333702674178  753.322113185287
1264000  -242.981476955482  751.920894976104
1266000  -245.639314453325  753.444104647564
1268000  -245.906059648241  754.001324135974
1270000  -243.354060119434  755.741845513448
1272000  -247.481031718676  759.200889716646
1274000  -245.888835168296  758.919770636577
1276000  -248.417906235562  759.021576993164
1278000  -245.590663130571  760.250042731564
1280000  -244.500487141919  761.149190533593
1282000  -245.54035973109  765.087574412138
1284000  -244.644567577055  762.189221925715
1286000  -251.279163965235  765.087731552115
1288000  -248.534021513823  766.369421026232
1290000  -256.24814136916  766.603883124634
1292000  -249.408148226693  769.525099403979
1294000  -248.949052542427  773.147259386026
1296000  -254.181015919666  774.482129620811
1298000  -251.37412245216  773.660222561976
1300000  -250.793845774002  775.667754067956
1302000  -249.506024766658  778.373845870352
1304000  -254.215898634775  777.736427419726
1306000  -254.264617696737  780.349736465884
1308000  -255.980957851326  782.639526481501
1310000  -250.968485030109  781.689311892495
1312000  -258.599219685189  781.359995239439
1314000  -254.161449313123  783.087334067874
1316000  -261.846911481056  784.80681763422
1318000  -254.635939217544  787.29894231833
1320000  -258.514991897488  787.479071293333
1322000  -255.093694693194  790.600308288123
1324000  -257.496899174933  787.878987802024
1326000  -259.671500862834  791.284108273543
1328000  -256.781753699369  791.82162670122
1330000  -261.459862213439  793.015254926231
1332000  -262.122826632441  792.187364704003
1334000  -257.43127074136  791.059312357581
1336000  -264.582879216375  794.981885742329
1338000  -252.466119751686  797.131662177368
1340000  -258.335762819235  797.092191682387
1342000  -255.744020336383  798.672160122837
1344000  -258.216912037049  799.662557188595
1346000  -262.124065500527  799.779959511764
1348000  -260.242312010466  800.690325520549
1350000  -258.038787825828  804.59321360825
1352000  -263.145011633659  803.271059838801
1354000  -265.563504834064  805.345774099339
1356000  -260.511988619229  803.989907216395
1358000  -262.738405025927  808.78626144742
1360000  -270.474849748326  808.659792387287
1362000  -267.113099885742  810.213196286649
1364000  -265.525188676279  809.750721923293
1366000  -259.519550059065  812.934953852381
1368000  -263.702315975787  811.792637973871
1370000  -267.16411724529  816.364836327607
1372000  -262.349385045907  816.330291177876
1374000  -269.62644977168  820.862564022865
1376000  -271.046686052731  818.8262705729
1378000  -270.710312788143  817.42570198302
1380000  -270.380665709078  819.188551010203
1382000  -265.208603001207  820.251047707388
1384000  -273.140959814887  821.915213927459
1386000  -270.825539578394  822.178254726182
1388000  -265.859214539983  824.187925009546
1390000  -263.813273550919  826.536088477964
1392000  -267.139168607536  824.036474510349
1394000  -268.204666402212  827.564112704508
1396000  -267.77969012276  824.898106304715
1398000  -264.206934744642  826.565563407982
1400000  -262.57048147782  828.328491425634
1402000  -266.068551410115  828.831545370596
1404000  -266.939680203212  829.807455386072
1406000  -261.719795329744  833.962512311987
1408000  -268.095651513167  837.601571809895
1410000  -270.593865462352  837.04893853175
1412000  -267.686010062917  837.79461299998
1414000  -262.410228687244  840.145488131003
1416000  -264.461853379584  840.603210699371
1418000  -272.268935208368  844.380872894631
1420000  -264.870809110629  844.361787763755
1422000  -270.129243426165  846.805128290586
1424000  -267.999476242577  847.743170781166
1426000  -266.211307439734  845.675393308972
1428000  -272.225510302688  847.811373195724
1430000  -273.100752220316  848.708821851601
1432000  -276.659651994871  849.789040443799
1434000  -279.632658137192  849.513521961488
1436000  -278.491486920692  856.713462818482
1438000  -278.017313319423  853.569429656512
1440000  -278.446885411882  856.555685047435
1442000  -282.068704692988  857.665667492078
1444000  -280.77019363707  858.099774077072
1446000  -276.796139761  855.427322688109
1448000  -273.717555646629  858.41045399016
1450000  -283.599777424464  855.364191576212
1452000  -283.338806217653  863.090284151372
1454000  -283.021898992138  863.346719874432
1456000  -281.088851288279  864.16411306788
1458000  -279.643062797923  865.898687630959
1460000  -276.430568346856  861.698735793648
1462000  -275.792286493725  864.49254288447
1464000  -281.71517438931  866.338716921548
1466000  -277.410233537513  867.680578203157
1468000  -282.129987479191  870.24962022526
1470000  -288.832593873354  868.983954151532
1472000  -289.599032839704  869.133518418683
1474000  -285.883836488243  873.758239882408
1476000  -288.850019855248  872.12907195207
1478000  -294.453078843315  874.984739214018
1480000  -292.811343175288  875.665897008717
1482000  -280.416048015286  873.620137729581
1484000  -288.638861448209  875.269162035614
1486000  -286.961891693255  874.631648574248
1488000  -292.30735605456  874.274071356305
1490000  -289.645317404632  878.005178521937
1492000  -289.959075777136  877.47097065706
1494000  -290.362821277281  879.37792100648
1496000  -294.086414547887  882.837279137948
1498000  -290.419509448557  882.450886698024
1500000  -287.863491699176  883.629168616481
1502000  -289.211206017977  883.371149190054
1504000  -294.103681734321  885.840502891359
1506000  -287.284145235255  889.320019677626
1508000  -294.551319543433  887.665431707479
1510000  -297.159507905871  888.579130128242
1512000  -290.037493130686  892.994809998358
1514000  -293.04495584071  892.317862038913
1516000  -291.306460065412  895.614738055057
1518000  -293.523849908824  895.125897013621
1520000  -295.085388011529  898.094939339423
1522000  -299.835803937561  895.971891441765
1524000  -300.287590276384  898.578868261028
1526000  -305.635287948371  902.144501995801
1528000  -302.812996218989  899.078341837756
1530000  -302.813004244155  902.742143327531
1532000  -302.70627705961  904.965301476958
1534000  -300.368827057479  906.902859572438
1536000  -297.865369065905  908.997154082712
1538000  -308.509219580235  908.417195035546
1540000  -301.452728497174  908.591521982194
1542000  -292.048834961351  911.615794948445
1544000  -299.532833749275  912.982816780415
1546000  -306.254458231399  914.628023191706
1548000  -303.494566675459  911.293385561418
1550000  -304.102759103141  913.731467174446
1552000  -304.167972656589  916.572463500759
1554000  -307.649792586568  920.410217988912
1556000  -306.476621127668  919.294951554664
1558000  -309.26735076809  919.263152186139
1560000  -306.33005631129  920.826592147064
1562000  -312.570871822547  923.035483541128
1564000  -311.658857641279  924.782733680145
1566000  -305.610616986741  927.633055631743
1568000  -308.705326469926  928.090204415115
1570000  -313.589408889993  929.444976308676
1572000  -312.542863444594  930.848458638945
1574000  -303.343076367999  930.665507599657
1576000  -304.329507498266  932.18214864633
1578000  -311.639385480649  931.951595441088
1580000  -308.634553356206  934.331583723867
1582000  -308.187437159473  932.8885055166
1584000  -310.75000431883  934.759600768428
1586000  -305.85278537781  941.069097556186
1588000  -305.332210991688  940.220729867374
1590000  -302.029250219538  942.843155375938
1592000  -305.926386553203  942.966701854752
1594000  -307.061598830642  944.856354907584
1596000  -313.198537614234  945.644792228731
1598000  -313.058614213916  946.410000047977
1600000  -311.175946529213  947.330198884608
1602000  -314.423980944931  946.469320335558
1604000  -307.384127301726  950.935382860455
1606000  -316.715269758612  950.882115321065
1608000  -313.321561997162  949.131595431806
1610000  -317.670118746755  951.859907181149
1612000  -313.104582589863  950.354428298868
1614000  -314.157141397683  950.363045073458
1616000  -319.763401132376  950.348679256401
1618000  -316.841111544454  951.905331798147
1620000  -322.600082993466  955.183919935867
1622000  -321.943513622021  955.005357109665
1624000  -326.095467639228  961.871432976919
1626000  -319.448442565025  961.224137478637
1628000  -328.773162494822  962.508664896923
1630000  -325.016394985584  962.715829608775
1632000  -321.647039517232  964.25202715932
1634000  -320.785454700445  965.967424649247
1636000  -329.809807929016  968.551192295012
1638000  -327.659444246378  967.265976150593
1640000  -326.742895848153  970.01145701677
1642000  -325.381603444646  973.926314077082
1644000  -322.156977572908  974.621123697061
1646000  -333.39759097405  974.636379684338
1648000  -329.254595115365  977.546272350651
1650000  -330.116778175842  974.67555018014
1652000  -327.908657949663  978.718054401452
1654000  -324.603995931979  978.738377614557
1656000  -328.990644798183  980.207521561001
1658000  -324.183061986861  978.334865814679
1660000  -327.432949057547  979.267383428904
1662000  -327.785811133375  979.601830980203
1664000  -323.912620385429  985.60950829697
1666000  -323.089805974304  984.554422868512
1668000  -333.007176497036  985.386969659118
1670000  -325.699727637333  984.895579001482
1672000  -333.899805264423  984.142850655848
1674000  -331.271499491584  985.289982983016
1676000  -322.943909475354  986.159563954508
1678000  -327.578757032211  987.779691884778
1680000  -327.769186515935  989.482940604163
1682000  -319.797463345965  989.08892214526
1684000  -327.290532840008  992.649861931844
1686000  -330.717455047363  995.676242086614
1688000  -324.643475390833  994.944783575787
1690000  -322.248150266202  998.501646268634
1692000  -322.678930775266  998.439968652513
1694000  -326.022362041422  1003.40859245494
1696000  -323.309249218466  1001.81885692739
1698000  -323.108470606217  1002.83210822089
1700000  -329.198779326608  1006.42902991707
1702000  -326.856682752811  1006.33849677103
1704000  -327.496249456084  1005.78763582649
1706000  -324.244836247717  1009.7199501298
1708000  -325.238105843752  1011.37950408579
1710000  -329.268867744907  1010.71871859218
1712000  -332.00800210859  1013.76686737275
1714000  -337.648788110015  1017.01174652819
1716000  -336.26024215321  1017.05492224316
1718000  -333.415902644242  1019.54144186449
1720000  -338.110532901616  1018.3809371406
1722000  -340.198592044762  1018.65767263985
1724000  -330.944266619104  1020.18002979426
1726000  -340.057643272676  1022.37605271945
1728000  -341.833870501176  1024.37645117725
1730000  -341.714831888661  1025.2437252208
1732000  -337.477687115942  1025.83950052259
1734000  -337.891543173899  1025.87538016212
1736000  -338.377749571695  1025.79950771923
1738000  -339.793414487195  1029.70319688598
1740000  -334.431122715313  1032.85476983066
1742000  -341.722855292147  1031.14465471407
1744000  -338.042269162391  1032.05046992205
1746000  -340.806815885074  1033.20607316562
1748000  -336.588736015896  1032.96391805723
1750000  -346.417582913582  1038.04128246271
1752000  -350.002000524546  1034.7702726446
1754000  -344.546090680339  1037.91319751849
1756000  -353.177065311727  1036.44200365504
1758000  -344.946695886862  1036.79544256301
1760000  -348.906493084631  1040.80066364344
1762000  -348.367552472063  1043.43899648247
1764000  -352.26541974309  1043.73759435894
1766000  -349.797089102388  1047.42702190995
1768000  -350.761301313729  1047.02976059334
1770000  -351.533392518281  1048.10034585406
1772000  -346.98539108218  1047.38597554855
1774000  -351.293237624967  1051.30259883908
1776000  -350.217842612545  1053.21158445697
1778000  -352.13349337711  1053.99268613098
1780000  -352.995573797542  1053.64017078632
1782000  -356.568116344379  1055.72998399589
1784000  -350.227693308497  1058.25296208694
1786000  -353.523429350637  1060.05789207668
1788000  -348.959719284743  1061.43158700173
1790000  -349.040360062384  1058.1741348956
1792000  -348.314766341848  1062.03797786425
1794000  -352.618016892829  1065.02155379741
1796000  -356.164496874445  1067.01064960991
1798000  -359.781662634622  1068.76461727443
1800000  -355.598343657584  1069.24492478397
1802000  -356.220873187286  1073.25416174297
1804000  -354.627428236486  1069.20513170021
1806000  -351.465186943326  1072.85457132217
1808000  -354.650637512348  1072.4718163267
1810000  -352.011044599641  1077.82766766761
1812000  -355.647966634447  1076.03091493087
1814000  -361.484369502759  1076.54688058597
1816000  -356.217422449941  1078.00311120617
1818000  -352.790327158315  1077.70365774542
1820000  -359.717916284858  1078.7923998337
1822000  -357.32076115294  1079.23571179021
1824000  -360.85058998164  1082.15563979517
1826000  -357.895452866137  1080.68018646747
1828000  -361.279115917084  1082.48178888193
1830000  -361.890713782353  1086.56202429879
1832000  -364.100662359114  1083.37687363872
1834000  -367.315628453155  1086.91771856114
1836000  -369.319500734259  1086.38883698692
1838000  -362.533912139351  1087.81694145353
1840000  -363.945049753937  1088.61977342376
1842000  -363.705195911469  1091.88349495128
1844000  -367.816803042716  1092.12030266606
1846000  -372.795403074778  1091.27132378703
1848000  -371.004470085735  1094.37484311173
1850000  -371.100946059458  1095.55155690328
1852000  -376.390821698941  1097.49077495354
1854000  -368.317680015166  1099.03569561891
1856000  -372.314505901731  1101.12801781606
1858000  -367.969892009414  1100.09841709274
1860000  -374.121316297572  1103.04709430904
1862000  -372.643913729453  1101.58846366541
1864000  -369.312778489588  1102.95766856855
1866000  -369.076142268501  1105.60154589252
1868000  -373.552363925179  1108.79475011531
1870000  -366.192294354148  1110.1571364869
1872000  -372.835777863097  1108.72435422504
1874000  -368.402584294182  1111.63377477052
1876000  -377.500457458261  1114.11160729337
1878000  -372.584906602891  1113.74335686626
1880000  -370.572389892985  1115.19461376689
1882000  -372.551548849707  1117.30003443958
1884000  -373.286571205918  1116.25216685932
1886000  -371.722398785994  1122.88578408976
1888000  -366.361941904911  1122.01968133507
1890000  -371.594677744497  1125.06800189084
1892000  -366.891270422577  1128.45764350032
1894000  -368.096811718  1129.7994810375
1896000  -368.330538665491  1129.87670487805
1898000  -364.774003116232  1131.92693401481
1900000  -364.548570447536  1129.92588383827
1902000  -366.916694317658  1132.08880745108
1904000  -369.784524601318  1133.10974420163
1906000  -370.379289355284  1136.5879704712
1908000  -373.226106735126  1132.61463114695
1910000  -369.090980300136  1135.95691892604
1912000  -370.515951456372  1138.83733701586
1914000  -371.717175052738  1139.79331356395
1916000  -372.313359688422  1141.53048496506
1918000  -370.927136866697  1144.97022259082
1920000  -369.620212660954  1144.80703391749
1922000  -370.445705554675  1146.11821347078
1924000  -368.680055657371  1147.30545114756
1926000  -374.774044186017  1146.67242466559
1928000  -371.338097900876  1148.11130382025
1930000  -371.679838836235  1145.78688276384
1932000  -369.708201469103  1149.48027143977
1934000  -371.35918812068  1150.05789113471
1936000  -369.181242916173  1151.57643034887
1938000  -374.46605876813  1153.46656504346
1940000  -373.482131463318  1155.15605394055
1942000  -375.555831488777  1155.55549995449
1944000  -369.66052206486  1157.04942269276
1946000  -374.731159873471  1157.52366356537
1948000  -375.984236231189  1160.82414146302
1950000  -369.907427179969  1158.79495513565
1952000  -378.61114282782  1163.03849378826
1954000  -377.916751016605  1160.50350764162
1956000  -378.184672689236  1166.57022236789
1958000  -379.325762219493  1163.5167995177
1960000  -376.298803826752  1166.30802732681
1962000  -378.516797489357  1164.01157253807
1964000  -382.032048985683  1166.61461734995
1966000  -380.776505862132  1170.27323304615
1968000  -380.802638761711  1169.35557513591
1970000  -380.916178286423  1171.91092385275
1972000  -387.550705955734  1173.03880952853
1974000  -381.259214510498  1175.16296341123
1976000  -384.217051236254  1171.99077129946
1978000  -379.994727482694  1176.63368493508
1980000  -381.142529229547  1175.86198810712
1982000  -382.846473430186  1178.07664323695
1984000  -385.087674448236  1177.27644705232
1986000  -385.458702021302  1180.26376277456
1988000  -381.251857247878  1179.753247128
1990000  -389.631528071217  1180.69131976702
1992000  -380.860475065439  1183.56695675698
1994000  -382.923212222811  1186.94562608302
1996000  -376.576590287273  1186.45660595326
1998000  -383.455794941827  1193.5410949922
2000000  -380.892923871555  1194.35160279755
